96
158
198
205
237
252
259
266
273
280
287
294
301
341
348
355
468
508
542
642
660
699
742
875
918
945
977
1006
1019
1034
1085
1143
1168
1183
1230
1237
1244
1251
1396
1417
1424
1440
1503
1572
1640
1661
1770
1824
1869
1876
1990
1997
2013
2061
2135
2181
2188
2195
2210
2217
2327
2394
2413
2447
2468
2508
2515
2639
2654
2661
2754
2761
2824
2831
2847
2922
2929
2971
3025
3053
3159
3166
3205
3220
3227
3256
3263
3337
3419
3447
3511
3563
3578
3598
3605
3689
3723
3730
3783
3835
3852
3891
3935
3942
3949
4058
4077
4092
4110
4135
4161
4176
4192
4199
4208
4277
4284
4366
4373
4382
4425
4432
4474
4604
4611
4642
4754
4816
4823
4830
4909
4916
4944
4951
4958
4999
5016
5023
5030
5037
5081
5140
5271
5287
5308
5324
5377
5393
5408
5415
5422
5438
5474
5551
5586
5679
5717
5724
5731
5738
5748
5788
5817
5841
5907
5948
5983
5990
6006
6026
6051
6058
6087
6115
6146
6233
6267
6315
6322
6329
6362
6452
6470
6486
6547
6578
6613
6620
6627
6672
6714
6759
6862
6892
6899
6965
6972
6979
6999
7006
7033
7061
7103
7154
7161
7168
7288
7295
7302
7318
7351
7358
7382
7389
7444
7472
7533
7540
7547
7606
7639
7671
7764
7788
7838
7881
7897
7952
7965
8029
8091
8148
8181
8200
8226
8233
8264
8283
8299
8331
8346
8353
8397
8432
8473
8527
8542
8549
8566
8573
8672
8679
8686
8747
8763
8770
8796
8811
8818
8850
8857
8878
8885
8900
8979
9082
9089
9137
9144
9168
9216
9234
